name: bigwig-box
channels:
  - bioconda
  - conda-forge
  - defaults
dependencies:
  - _libgcc_mutex=0.1=conda_forge
  - _openmp_mutex=4.5=2_gnu
  - bedtools=2.25.0=he860b03_5
  - bzip2=1.0.8=h7f98852_4
  - c-ares=1.18.1=h7f98852_0
  - ca-certificates=2022.12.7=ha878542_0
  - curl=7.87.0=h5eee18b_0
  - cycler=0.11.0=pyhd8ed1ab_0
  - deeptools=3.5.1=pyhdfd78af_1
  - deeptoolsintervals=0.1.9=py37h8902056_4
  - freetype=2.12.1=hca18f0e_1
  - htslib=1.14=h9753748_2
  - icu=67.1=he1b5a44_0
  - keyutils=1.6.1=h166bdaf_0
  - kiwisolver=1.4.4=py37h7cecad7_0
  - krb5=1.19.3=h3790be6_0
  - ld_impl_linux-64=2.40=h41732ed_0
  - libblas=3.9.0=16_linux64_openblas
  - libcblas=3.9.0=16_linux64_openblas
  - libcurl=7.87.0=h91b91d3_0
  - libdeflate=1.10=h7f98852_0
  - libedit=3.1.20191231=he28a2e2_2
  - libev=4.33=h516909a_1
  - libffi=3.4.2=h7f98852_5
  - libgcc-ng=12.2.0=h65d4601_19
  - libgfortran-ng=12.2.0=h69a702a_19
  - libgfortran5=12.2.0=h337968e_19
  - libgomp=12.2.0=h65d4601_19
  - liblapack=3.9.0=16_linux64_openblas
  - libnghttp2=1.51.0=hdcd2b5c_0
  - libnsl=2.0.0=h7f98852_0
  - libopenblas=0.3.21=pthreads_h78a6416_3
  - libpng=1.6.39=h753d276_0
  - libsqlite=3.40.0=h753d276_0
  - libssh2=1.10.0=haa6b8db_3
  - libstdcxx-ng=12.2.0=h46fd767_19
  - libuuid=2.32.1=h7f98852_1000
  - libzlib=1.2.13=h166bdaf_4
  - matplotlib-base=3.2.2=py37h1d35a4c_1
  - mysql-connector-c=6.1.11=h6eb9d5d_1007
  - ncurses=6.2=h58526e2_4
  - numpy=1.21.6=py37h976b520_0
  - openssl=1.1.1t=h0b41bf4_0
  - perl=5.32.1=2_h7f98852_perl5
  - perl-exporter-tiny=1.002002=pl5321hdfd78af_0
  - perl-getopt-long=2.54=pl5321hdfd78af_0
  - perl-list-moreutils=0.430=pl5321hdfd78af_0
  - perl-list-moreutils-xs=0.430=pl5321hec16e2b_1
  - perl-math-round=0.07=pl5321hdfd78af_2
  - perl-statistics-descriptive=3.0800=pl5321hdfd78af_0
  - pip=23.0.1=pyhd8ed1ab_0
  - plotly=5.13.1=pyhd8ed1ab_0
  - procps-ng=3.3.17=h46c0cb4_0
  - py2bit=0.3.0=py37h8902056_6
  - pybigwig=0.3.18=py37hdc12a6d_2
  - pyparsing=3.0.9=pyhd8ed1ab_0
  - pysam=0.19.1=py37h8fe4cdf_0
  - python=3.7.12=hb7a2778_100_cpython
  - python-dateutil=2.8.2=pyhd8ed1ab_0
  - python_abi=3.7=3_cp37m
  - readline=8.1=h46c0cb4_0
  - samtools=1.14=hb421002_0
  - scipy=1.7.3=py37hf2a6cf1_0
  - setuptools=67.4.0=pyhd8ed1ab_0
  - six=1.16.0=pyh6c4a22f_0
  - sqlite=3.37.0=h9cd32fc_0
  - tenacity=8.2.1=pyhd8ed1ab_0
  - tk=8.6.12=h27826a3_0
  - tornado=6.2=py37h540881e_0
  - typing-extensions=4.4.0=hd8ed1ab_0
  - typing_extensions=4.4.0=pyha770c72_0
  - ucsc-bedgraphtobigwig=357=h446ed27_4
  - ucsc-bigwigtowig=377=ha8a8165_3
  - wheel=0.38.4=pyhd8ed1ab_0
  - xz=5.2.6=h166bdaf_0
  - zlib=1.2.13=h166bdaf_4
